82.66666666666667
59.666666666666664
71.33333333333333
66.33333333333333
59.0
54.0
60.0
57.333333333333336
66.33333333333333
68.33333333333333
41.666666666666664
70.33333333333333
71.0
54.0
43.333333333333336
74.66666666666667
55.333333333333336
57.333333333333336
39.666666666666664
70.33333333333333
59.0
50.666666666666664
69.66666666666667
50.0
56.333333333333336
43.666666666666664
68.0
72.33333333333333
59.333333333333336
32.0
49.666666666666664
57.333333333333336
70.66666666666667
75.0
62.0
83.0
45.666666666666664
44.666666666666664
69.33333333333333
28.666666666666668
53.333333333333336
58.666666666666664
62.333333333333336
69.66666666666667
61.333333333333336
64.66666666666667
67.0
67.66666666666667
35.666666666666664
57.0
56.0
55.333333333333336
74.66666666666667
28.666666666666668
85.0
66.0
85.66666666666667
61.0
56.666666666666664
71.33333333333333
52.0
55.333333333333336
54.333333333333336
61.333333333333336
68.0
47.333333333333336
45.0
57.0
63.333333333333336
59.666666666666664
71.0
84.66666666666667
65.33333333333333
67.33333333333333
63.333333333333336
54.666666666666664
68.0
60.54545454545455 59.33766233766234 61.09090909090909 